00111100
01111110
11111111
11100111
11100111
11100111
11100111
11100111
11100111
11100111
11100111
11100111
11111111
01111110
00111100

11111000
11111100
11111110
11000111
11000011
11000011
11000011
11000011
11000011
11000011
11000011
11000111
11111110
11111100
11111000

11111111
11111111
11111111
00011000
00011000
00011000
00011000
00011000
00011000
00011000
00011000
00011000
11111111
11111111
11111111

11110011
11110011
11110011
11010011
11010011
11010011
11010011
11001011
11001011
11001011
11001011
11001011
11001111
11001111
11001111

00111100
01111110
11111111
11000011
11000011
11000000
11000000
11000000
11001110
11001111
11000011
11000011
11111111
01111110
00111100

00111100
01111110
11111111
11000011
11000011
11000011
11111111
11111111
11111111
11000011
11000011
11000011
11000011
11000011
11000011

11111100
11111110
11000011
11000011
11000011
11000011
11111110
11111100
11000000
11000000
11000000
11000000
11000000
11000000
11000000